Ejercicio 7
Aplique el algoritmo HeapSort, para ordenar descendentemente los siguientes elementos:
{15, 18, 40, 1, 7, 10, 33, 2, 140, 500, 11, 12, 13, 90}

* Hago min-heap

{1, 2, 10, 15, 7, 12, 33, 18, 140, 500, 11, 40, 13, 90}

* Aplico HeapSort



Intercambio 

{90, 2, 10, 15, 7, 12, 33, 18, 140, 500, 11, 40, 13,| 1} y reduzco

Filtro 90 (por menor)

{2, 7, 10, 15, 11, 12, 33, 18, 140, 500, 90, 40, 13,| 1}



Intercambio 

{13, 7, 10, 15, 11, 12, 33, 18, 140, 500, 90, 40,| 2, 1} y reduzco

Filtro 13

{7, 11, 10, 15, 13, 12, 33, 18, 140, 500, 90, 40,| 2, 1}



Intercambio

{40, 11, 10, 15, 13, 12, 33, 18, 140, 500, 90,| 7, 2, 1} y reduzco

Filtro 40

{10, 11, 12, 15, 13, 40, 33, 18, 140, 500, 90| 7, 2, 1}



Intercambio

{90, 11, 12, 15, 13, 40, 33, 18, 140, 500,| 10 7, 2, 1} y reduzco

Filtro 90

{11, 13, 12, 15, 90, 40, 33, 18, 140, 500,| 10 7, 2, 1}



Intercambio 

{500, 13, 12, 15, 90, 40, 33, 18, 140,| 11, 10 7, 2, 1} y reduzco

Filtro 500

{12, 13, 33, 15, 90, 40, 500, 18, 140| 11, 10 7, 2, 1}



Intercambio 

{140, 13, 33, 15, 90, 40, 500, 18,| 12, 11, 10 7, 2, 1} y reduzco

Filtro 140

{13, 15, 33, 18, 90, 40, 500, 140| 12, 11, 10 7, 2, 1}



Intercambio 
{140, 15, 33, 18, 90, 40, 500,| 13, 12, 11, 10 7, 2, 1} y reduzco

Filtro 140

{15, 18, 33, 140, 90, 40, 500| 13, 12, 11, 10 7, 2, 1} 



Intercambio

{500, 18, 33, 140, 90, 40,| 15, 13, 12, 11, 10 7, 2, 1} y reduzco

Filtro 500

{18, 90, 33, 140, 500, 40,| 15, 13, 12, 11, 10 7, 2, 1}



Intercambio

{40, 90, 33, 140, 500,| 18, 15, 13, 12, 11, 10 7, 2, 1} y reduzco

Filtro 40

{33, 90, 40, 140, 500| 18, 15, 13, 12, 11, 10 7, 2, 1}



Intercambio 

{500, 90, 40, 140,| 33, 18, 15, 13, 12, 11, 10 7, 2, 1} y reduzco

Filtro 500

{40, 90, 500, 140,| 33, 18, 15, 13, 12, 11, 10 7, 2, 1}



Intercambio

{140, 90, 500,| 40, 33, 18, 15, 13, 12, 11, 10 7, 2, 1} y reduzco

Filtro 140

{90, 140, 500,| 40, 33, 18, 15, 13, 12, 11, 10 7, 2, 1} 



Intercambio

{500, 140,| 90, 40, 33, 18, 15, 13, 12, 11, 10 7, 2, 1} y reduzco

Filtro 500

{140, 500| 90, 40, 33, 18, 15, 13, 12, 11, 10 7, 2, 1}



Intercambio 

{500,| 140, 90, 40, 33, 18, 15, 13, 12, 11, 10 7, 2, 1} y reduzco

Filtro 500

{500,| 140, 90, 40, 33, 18, 15, 13, 12, 11, 10 7, 2, 1}


DATOS ALMACENADOS INTERNAMENTE
{500, 140, 90, 40, 33, 18, 15, 13, 12, 11, 10 7, 2, 1}